2046925628862824
1921657824763386
1962343250657164
1835414893437398
10209356423259243
10208198760286495
10210782792914933
728319307377178
1729110947100167
743573139174236
1600361503349596
1699335820090991
368106293643385
10208953414187012
10210128698966113
1486111558132361
2049620251718641
1948193275195014
10214826153866065
10212305535331697
10155355355231896
1699644823399304
10210807894699111
1887335871282370
10214605547715134
10155940694293000
446254905770009
1899949643353988
10208901551530756
