1013071262046733
495977187240907
200706430307922
893885724037877
1819627731627458
1639498416323301
1052868851468110
450679231974773
1726744650887825
561465653907518
1642832329313216
1585228075076660
1039086076152006
507411836112538
1004509749584428
1424754947825443
331329030302036
327825637551337
198323067237394
730132967154292
161891097680117
1748873332027153
521838974638477
521248314748865
1401174676639121
1171720319580631
1049632965152279
251432778541326
1337312036298194
1122489034481040
636732703199823
644608839037079
321958601519697
1563665883959453
1638685876403923
133413347242347
1641613462797706
158544111233508
1881543292065692
1819336575006257
370269923309938
407753979423957
40817676367
1603223393325319
1176976762312333
2180575485501986
1610124872581415
1870994996259199
228797364253641
1331552020236620
1580459468950614
144306176049803
1752949594993270
544459719049886
292324927847400
1135166359876000
1061222307242115
122036141616108
824676657554957
581820415330664
1133475836690048
515283525287467
1828831144022079
1766106866992838
1493946684232963
1628191627428823
1138845949498875
269946509732490
620820324753191
1761638667435473
1575989662653015
126723294376839
900408216702244
990167831019114
1647051715535427
1580924428895179
618349381650681
1623197447935369
532129676983566
421229824929292
790985780984754
1092390007474212
1455967271132916
196513267478259
1795249547381112
318602751840782
777652222338974
658255080980086
1804158909861868
1027479950608718
1431946210149444
1629343167306647
1119380994763489
1679689652296471
1509257396034426
390030571204376
799869913478464
197226087329734
748039591918416
141264196382436
832975870140601
727495700731374
627499740769994
450630755086894
1617883418527400
365944207086854
1257898994339311
239035009871941
1633244703596779
577098392345982
147242049036621
1671244789766143
738540356279554
546471095508077
732936120059062
154965541632110
1915640265329978
379576982403649
247393342324173
1857738714505049
496855080493322
1853751244886580
1481459842166514
943675425689033
346361012398681
365779230432374
1052325818123272
254199198344066
1681188355446636
174076956331527
1497908257116439
759609887538796
1672132976335668
393342887501142
1625963581030746
1677078479199571
1664664697105840
301413826926986
1784168075147530
206743339756304
1072779112832082
839141856152989
406844772707563
147235609155282
556310111218232
1074387425968798
1126864127335409
540250482812913
431887450334968
409444646111043
1846700905603218
581305862041831
443179022546601
1643410742571460
223954254690285
1632726493669583
174250466312236
1727398720908381
624766641032963
1560354447597277
