40817676367
172906199718323
256684374671273
656960207740471
968022133302022
197544097255421
1625674184418643
406605979678103
286193168434077
1424754947825443
521838974638477
1785489215029337
701457253373084
1454605437898155
1219681791496235
777652222338974
1460146890701946
1813271272248214
1748873332027153
723474714478224
1641613462797706
438532829673644
226197581066872
1337312036298194
1013949838626169
251432778541326
1671244789766143
1002290753200472
390030571204376
686858938147650
398002043877215
1669338563364134
521248314748865
154965541632110
832975870140601
1571352489855683
198323067237394
1699153273730544
208132376324616
730132967154292
1638685876403923
886272964834838
1629343167306647
1171720319580631
949789835139176
1681548138813700
365779230432374
246461872392381
1391914814224484
2180575485501986
1230224217015155
433259293527811
103748526785029
1858360477746246
1401174676639121
1908691519346898
1563665883959453
681458852012045
1632248097082813
999233143556938
1050675961713656
1926765277572040
287797044900888
1848561845370254
280988978955042
1835044403446045
1214774465250188
1122489034481040
285198735205416
1388019237893577
980352982110932
269471076717813
1881543292065692
396049337447361
1486013325031328
356213688109641
1580924428895179
1623197447935369
532129676983566
1763647323926521
698887996914432
1052868851468110
1802335993338787
1179043462136200
196513267478259
981548561905793
817194695062745
401638246670811
1706450709678029
658255080980086
984557738281508
1804158909861868
1580949925552354
579593328913803
450679231974773
1692171564398500
1707064549549606
739224336235892
447555882110475
305266173230253
347417515285825
926835257474099
170303540008915
1695632347391499
596347037217838
1170596392974183
928798197247763
272550279840169
1122028021172020
321958601519697
442878575897296
197226087329734
1657349567611838
726906427443010
581305862041831
1758383761098753
1647265232191885
133413347242347
1908494949436693
1617883418527400
1123488890998895
365944207086854
1259241717437129
716416945061875
1257898994339311
239035009871941
1654421688142457
1633244703596779
1640305982915968
370269923309938
1603223393325319
1176976762312333
448267885358293
546471095508077
1856301631266612
170663633418531
1649486035366838
379086565770542
734380416724343
1671599213166390
228797364253641
632814796861682
247393342324173
910937375699085
1580459468950614
1052325818123272
1161581853912278
1761998597421488
1717315658496307
1635861846706518
648755538635436
421229824929292
1846700905603218
318602751840782
1027479950608718
727495700731374
450630755086894
577098392345982
1643410742571460
1646357319001707
1587630498223977
1857738714505049
