684145345097008
824676657554957
394287674071625
947091958734724
748066948662657
1286744611356687
253321815066488
1777019429224076
1502182963436951
1010543799025706
1090468000994973
1277421098975987
1083152775061307
303639156428087
292030492766
1462110630676862
587876128053485
1027479950608718
200739980267503
1847430118801790
228402857505428
1307966369237805
2230418813
1027271384010151
1010276589019430
1661047764144402
1742192279349634
221469258062345
1608992239411126
407111272650757
125208331493801
35102003109
1738922643027180
1631136267203339
538984862801963
206944023041747
1238507592842845
762805283845478
1058574787515742
1571710766490968
1106011839429438
1594102010848921
1427137567543284
394117167586221
736518733115678
915660921807017
170610596402474
413188005450401
1644701885817844
1704703789811257
666608216774689
536047173248986
350163851735558
164644867219928
1653639214849709
205537756545856
174661562938645
308110759566262
1526299694347518
1809836909239433
328660247340505
1688624971403753
255770851486918
1064945746929914
513046655542611
963025013809457
1743732322573236
910060255787326
1502793120025370
1091891324194286
1749633775273346
127818790703804
293535254344513
1668970790091147
1455967271132916
224985604632991
189776988061974
227834160610044
431262407245199
1036387939777740
1414065935475876
157729667575746
226196147424664
180769742341356
658082174330620
580218868808443
540585522786523
428761834178400
1677745352487461
1330664576999096
544607582392804
1730259057300958
1691670584479820
6144063158
305519886453257
536103776582809
355486834790847
194479217583305
700343010118925
1439257596372612
1659327981001418
189576254816485
318602751840782
591595727702320
226318364444727
187249941619931
210448422431210
177102739342902
561465653907518
139233959602334
743760645679974
1736919353226292
1699656706954539
182972271735504
775880972476962
1010764652310099
188977487949713
66140707200
1815537395341275
2243604795
63527057428
347157865645712
1758502871047157
372793059474442
1549555808640295
514610685328001
1660654750879930
2100905290133095
246289315423020
345790166200
818515504886895
389024524831154
474644426025749
1695374797447831
690764364370309
1482406982087071
216799582003201
1111424262237021
137814079971115
235458516835474
561517247348454
1786975274849007
1802324430006684
1011588085545326
306153603073932
165678330129270
1015036911895995
1079815085436787
439361262777658
196351447101124
230436320321261
